CUTE-1 (CO-55)          
1 27844U 03031E   14195.01932094  .00000172  00000-0  98421-4 0  9707
2 27844  98.6981 203.4043 0009689 190.6942 228.8246 14.21525739572394
CUBESAT XI-IV (CO-57)   
1 27848U 03031J   14195.03191990  .00000132  00000-0  80959-4 0  9102
2 27848  98.7075 203.1422 0009486 197.3483 231.5898 14.21210417572310
CUBESAT XI-V (CO-58)    
1 28895U 05043F   14195.24580016  .00000503  00000-0  10925-3 0  8188
2 28895  97.8340  35.7071 0015914 285.7574  74.1873 14.61934853464206
NTS (CANX-6)            
1 32784U 08021B   14196.14373079  .00000712  00000-0  90714-4 0  9973
2 32784  97.6960 244.5278 0016462  99.1540 321.2524 14.84368929336041
CUTE-1.7+APD II (CO-65) 
1 32785U 08021C   14195.78487586  .00000880  00000-0  10811-3 0    13
2 32785  97.6975 246.1732 0015323  99.5015 324.8333 14.85383674336128
COMPASS-1               
1 32787U 08021E   14196.14111665  .00002389  00000-0  26526-3 0  9844
2 32787  97.6995 248.8713 0015402  90.6690 269.6291 14.88048980336343
DELFI-C3 (DO-64)        
1 32789U 08021G   14196.15240176  .00003492  00000-0  33499-3 0   100
2 32789  97.7188 256.6758 0013260  75.6555 337.1760 14.93687452336676
CANX-2                  
1 32790U 08021H   14196.15107601  .00000835  00000-0  10319-3 0  9919
2 32790  97.6936 245.7619 0015979  99.1568 325.1370 14.85242469336149
SEEDS II (CO-66)        
1 32791U 08021J   14196.12294121  .00001672  00000-0  19376-3 0  9665
2 32791  97.6989 247.5606 0015981  93.9711 266.3332 14.86683022336205
SWISSCUBE               
1 35932U 09051B   14196.12138203  .00000453  00000-0  11712-3 0  3528
2 35932  98.3811 308.4741 0006608 297.4368  62.6156 14.54488499254957
BEESAT                  
1 35933U 09051C   14195.55048098  .00000385  00000-0  10067-3 0  6335
2 35933  98.3811 308.6677 0004834 318.0817  42.0009 14.54787358254951
ITUPSAT 1               
1 35935U 09051E   14195.11099551  .00000478  00000-0  12424-3 0  5374
2 35935  98.3910 308.4557 0007105 304.4462  55.6062 14.54083844254786
TISAT 1                 
1 36799U 10035E   14196.16795225  .00003219  00000-0  37614-3 0  3646
2 36799  98.0181 288.3761 0012408 226.1781 133.8409 14.85794125216878
M-CUBED & EXP-1 PRIME   
1 37855U 11061F   14195.72292916  .00003094  00000-0  21349-3 0  8509
2 37855 101.7153 239.7806 0215458 335.5003 135.6798 14.90412645146788
MASAT 1 (MO-72)         
1 38081U 12006E   14196.23894510  .00066947  44916-5  73039-3 0  2193
2 38081  69.4530 276.6963 0352981 314.3949  72.6340 15.13511429127711
XATCOBEO                
1 38082U 12006F   14196.11426994  .00269917  25121-4  10840-2 0  4008
2 38082  69.4341 236.4789 0167232 290.1732  98.3860 15.67978477128752
AAUSAT3                 
1 39087U 13009B   14195.04655953  .00000545  00000-0  20867-3 0  4172
2 39087  98.6189  29.3718 0011896 224.8602 135.1593 14.34601902 72162
STRAND-1                
1 39090U 13009E   14195.75427031  .00000262  00000-0  10847-3 0  4036
2 39090  98.6255  30.4908 0008359 218.8701 141.1864 14.34569575 72276
BRITE-AUSTRIA           
1 39091U 13009F   14195.76530405 -.00000138  00000-0 -32876-4 0  4130
2 39091  98.6165  30.3120 0009457 232.0205 128.0090 14.34703649 72287
UNIBRITE                
1 39092U 13009G   14195.60038558  .00000197  00000-0  85639-4 0  4213
2 39092  98.6160  30.0235 0008759 223.5261 136.5277 14.34578034 72254
DOVE-2                  
1 39132U 13015C   14196.02414325  .00002975  00000-0  23822-3 0  4976
2 39132  64.8698  55.3558 0034880 300.2519  59.5132 15.01674558 67757
AIST-2                  
1 39133U 13015D   14196.13110442  .00002008  00000-0  16791-3 0  2974
2 39133  64.8785  55.3080 0033551 299.1671  60.6085 15.01051694 67765
SOMP                    
1 39134U 13015E   14195.88631194  .00006560  00000-0  46076-3 0  6406
2 39134  64.8675  50.8605 0029708 302.4777  57.3470 15.05572250 67830
BEESAT-2                
1 39136U 13015G   14195.89533453  .00005701  00000-0  40911-3 0  6248
2 39136  64.8688  51.3962 0029670 302.3445  57.4795 15.04924470 67821
NEE-01 PEGASUS          
1 39151U 13018B   14196.13949934  .00000664  00000-0  10006-3 0  1746
2 39151  98.0420 276.3305 0016706 258.6903 101.2430 14.77628503 65671
CUBEBUG-1 (CAPITAN BETO)
1 39153U 13018D   14196.18693727  .00001686  00000-0  24174-3 0  2959
2 39153  98.0414 276.4322 0016756 261.0162  98.9115 14.77787085 65691
ESTCUBE 1               
1 39161U 13021C   14196.06190484  .00001344  00000-0  23204-3 0  2865
2 39161  98.0971 276.7550 0008833 314.7022  45.3460 14.70056174 63690
POPACS 1                
1 39268U 13055D   14195.49013378  .00018031  00000-0  58641-3 0  2642
2 39268  80.9944  27.3768 0751266  70.2764 297.7653 14.07308694 40353
POPACS 2                
1 39269U 13055E   14195.57082554  .00012600  00000-0  40839-3 0  2303
2 39269  80.9933  28.1105 0767270  72.2276 296.1057 14.03977250 40322
POPACS 3                
1 39270U 13055F   14195.55829331  .00008438  00000-0  27809-3 0  2255
2 39270  80.9934  28.5587 0774232  73.4769 294.9956 14.02097501 40302
PHONESAT 2.4            
1 39381U 13064B   14195.37983780  .00014299  00000-0  51968-3 0  1992
2 39381  40.5071 308.3065 0005065  31.4579 328.6208 15.27922894 36077
CAPE-2                  
1 39382U 13064C   14196.16864081  .00092588  00000-0  16741-2 0  3159
2 39382  40.4951 285.5989 0018423  82.0769 278.1716 15.48420323 36391
KYSAT II                
1 39384U 13064E   14195.70390953  .00035262  00000-0  97372-3 0  2450
2 39384  40.5031 298.2504 0011353  66.0081 294.1434 15.36277287 36213
ORSES                   
1 39386U 13064G   14195.63605174  .00018611  00000-0  63710-3 0  2232
2 39386  40.5066 304.9697 0003291 106.6618 253.4257 15.29754568 35821
ORS TECH 1              
1 39387U 13064H   14195.66917346  .00030707  00000-0  89439-3 0  2341
2 39387  40.5234 300.1913 0009574  64.1800 295.9445 15.34679416 36194
PROMETHEUS 1-4          
1 39390U 13064L   14195.62353064  .00018643  00000-0  63350-3 0  2060
2 39390  40.5072 304.8723 0003214  85.4414 274.6537 15.29994200 35303
PROMETHEUS 1-2          
1 39391U 13064M   14195.62539818  .00018636  00000-0  63421-3 0  2032
2 39391  40.5067 304.8884 0003352  89.5019 270.5837 15.29945885 34060
PROMETHEUS 1-5          
1 39393U 13064P   14195.65846843  .00018568  00000-0  62560-3 0  2033
2 39393  40.5241 304.5905 0005658  66.1477 293.9712 15.30264372 35279
PROMETHEUS 1-6          
1 39394U 13064Q   14195.73971963  .00017577  00000-0  59756-3 0  1980
2 39394  40.5228 304.3194 0004667  59.3701 300.7561 15.30002265 35243
ORS TECH 2              
1 39396U 13064S   14195.69534788  .00030407  00000-0  89438-3 0  2244
2 39396  40.5211 300.3981 0009053  70.8944 289.2582 15.34378562 35297
FIREFLY                 
1 39404U 13064AA  14195.40331982  .00012629  00000-0  46598-3 0  1777
2 39404  40.5203 308.8880 0001292  98.7749 261.3024 15.27502963 35498
VERMONT LUNAR           
1 39407U 13064AD  14195.66529980  .00019113  00000-0  64402-3 0  1864
2 39407  40.5259 304.7259 0004583  94.2873 265.8112 15.30253091 33890
PROMETHEUS 1-3          
1 39408U 13064AE  14195.67977300  .00018422  00000-0  62493-3 0  1881
2 39408  40.5077 304.4262 0003586  88.8555 271.2316 15.30053430 36017
ZACUBE-1 (TSHEPISOSAT)  
1 39417U 13066B   14195.65520764  .00002203  00000-0  30106-3 0  3494
2 39417  97.7730 265.3330 0062953 153.0453 207.4039 14.78186755 34753
WNISAT-1                
1 39423U 13066H   14196.15839416  .00000886  00000-0  18857-3 0  6457
2 39423  97.7499 256.1328 0178279 174.4844 185.8381 14.51803753 34199
CINEMA-2 (KHUSAT-2)     
1 39424U 13066J   14196.13517046  .00001766  00000-0  27976-3 0  2061
2 39424  97.7676 262.9036 0096128 156.5425 204.0168 14.70372562 34621
CINEMA-3 (KHUSAT-2)     
1 39426U 13066L   14195.73283104  .00001473  00000-0  24509-3 0  1987
2 39426  97.7635 261.5517 0107681 160.2224 200.3219 14.67710122 34500
TRITON-1                
1 39427U 13066M   14195.77260789  .00002080  00000-0  35470-3 0  2037
2 39427  97.7605 260.7041 0118312 162.1603 198.3780 14.65459998 34436
GOMX 1                  
1 39430U 13066Q   14196.12370348  .00001866  00000-0  36097-3 0  6394
2 39430  97.7535 257.9023 0156640 169.5536 190.8977 14.56892203 34280
BRITE-PL                
1 39431U 13066R   14195.70947472  .00000634  00000-0  14734-3 0  1971
2 39431  97.7475 253.6574 0204967 182.0994 177.9292 14.46022737 33980
HUMSAT-D                
1 39433U 13066T   14195.74309543  .00004202  00000-0  47541-3 0  2055
2 39433  97.7769 268.3909 0034685 152.0588 208.2439 14.86545252 34941
EAGLE 2                 
1 39436U 13066W   14195.89649677  .00014268  00000-0  14471-2 0  2675
2 39436  97.7778 269.0904 0027236 154.7381 205.4941 14.90708800 35001
VELOX-PII               
1 39438U 13066Y   14195.74097074  .00002047  00000-0  29534-3 0  1970
2 39438  97.7722 264.4167 0074256 154.1730 206.3186 14.75445823 34699
CUBEBUG-2 (LO-74)       
1 39440U 13066AA  14195.43834216  .00002249  00000-0  33737-3 0  2016
2 39440  97.7702 263.2482 0084445 156.6404 203.8677 14.73127930 34593
NEE-02 KRYSAOR          
1 39441U 13066AB  14195.66309075  .00001711  00000-0  25986-3 0  1976
2 39441  97.7686 263.4008 0085067 156.2244 204.2930 14.72884266 34587
FUNCUBE-1 (AO-73)       
1 39444U 13066AE  14195.77144892  .00002894  00000-0  39146-3 0  1948
2 39444  97.7707 265.4860 0062468 152.3257 208.1280 14.78409569 33544
UWE-3                   
1 39446U 13066AG  14195.86579109  .00002343  00000-0  33600-3 0  2010
2 39446  97.7721 264.5571 0074071 153.5816 206.9166 14.75573257 33494
FLOCK 1-12              
1 39528U 98067DT  14195.88571752  .00055728  00000-0  46731-3 0  4198
2 39528  51.6403 311.2017 0003408 320.5335  39.5414 15.69377609 23485
FLOCK 1-18              
1 39556U 98067DZ  14195.78730133  .00060435  00000-0  52971-3 0  3898
2 39556  51.6427 312.8120 0003248 300.1018  59.9656 15.68265895 21550
FLOCK 1-20              
1 39560U 98067ED  14195.86590137  .00077065  00000-0  58933-3 0  3600
2 39560  51.6468 311.1187 0002158 351.1714   8.9246 15.71463355 21524
SKYCUBE                 
1 39567U 98067EL  14196.16350823  .00071288  00000-0  65093-3 0  4020
2 39567  51.6426 311.4252 0002590  33.1561  30.3772 15.67193907 21349
LITUANICASAT-1          
1 39569U 98067EN  14196.14050624  .00697668  23304-3  12900-2 0  4205
2 39569  51.6364 301.3961 0011885 333.7020  90.4495 16.00436709 21474
OPUSAT                  
1 39575U 14009D   14196.14615786  .00864463  43512-3  84764-3 0  2581
2 39575  64.9967 296.6964 0020548 293.6752  66.1524 16.10708683 21677
INVADER (CO-77)         
1 39577U 14009F   14196.20845969  .00166478  16541-4  59957-3 0  2072
2 39577  65.0109 300.1860 0019963 295.2002  64.7074 15.88228099 21610
BRITE-TORONTO           
1 40020U 14033L   14195.97414806  .00000737  00000-0  13728-3 0   741
2 40020  97.9728  89.8542 0090118 116.5747 244.4733 14.65360533  3585
QB50P1                  
1 40025U 14033R   14195.97446355  .00002440  00000-0  29035-3 0   673
2 40025  97.9804  90.6585 0012152 202.7145 157.3521 14.85264482  3714
FLOCK 1C-7              
1 40026U 14033S   14196.04208220  .00003188  00000-0  37747-3 0   635
2 40026  97.9846  90.7409 0011305 202.2737 157.7972 14.85261363  3728
FLOCK 1C-1              
1 40027U 14033T   14196.04262675  .00001564  00000-0  18874-3 0   658
2 40027  97.9879  90.7412 0012235 202.0319 158.0371 14.85207277  3727
POPSAT-HIP-1            
1 40028U 14033U   14196.17928283  .00002290  00000-0  27386-3 0   685
2 40028  97.9850  90.8676 0013837 199.5120 160.5533 14.85104903  3730
FLOCK 1C-2              
1 40029U 14033V   14196.18222490  .00001539  00000-0  18703-3 0   671
2 40029  97.9857  90.8678 0014105 196.8827 163.1919 14.84916459  3736
FLOCK 1C-4              
1 40031U 14033X   14196.18252891  .00008033  00000-0  94564-3 0   677
2 40031  97.9880  90.8697 0014052 197.4848 162.5829 14.85014795  3722
QB50P2                  
1 40032U 14033Y   14196.18319708  .00002362  00000-0  28393-3 0   675
2 40032  97.9809  90.8523 0011832 193.7357 166.3510 14.84876156  3746
FLOCK 1C-11             
1 40033U 14033Z   14196.18358942  .00002661  00000-0  31914-3 0   607
2 40033  97.9886  90.8715 0012862 195.0281 165.0542 14.84854524  3746
ANTELSAT                
1 40034U 14033AA  14196.14600015  .00001855  00000-0  29977-3 0   616
2 40034  97.9793  90.2742 0062628 116.9140 243.8486 14.71227111  3710
FLOCK 1C-9              
1 40035U 14033AB  14196.18515576  .00006281  00000-0  74469-3 0   667
2 40035  97.9903  90.8733 0011866 190.4620 169.6307 14.84829885  3737
FLOCK 1C-6              
1 40036U 14033AC  14196.11852831  .00002791  00000-0  33561-3 0   670
2 40036  97.9904  90.8075 0011763 190.5958 169.4973 14.84723847  3737
PERSEUS-M2              
1 40037U 14033AD  14196.18586365  .00001080  00000-0  13395-3 0   677
2 40037  97.9866  90.8647 0014058 194.0181 166.0624 14.84694099  3739
FLOCK 1C-5              
1 40038U 14033AE  14196.19057914  .00007802  00000-0  92900-3 0   668
2 40038  97.9876  90.8643 0014742 186.2754 173.8265 14.84544575  3736
PERSEUS-M1              
1 40039U 14033AF  14196.05697026  .00001117  00000-0  13941-3 0   681
2 40039  97.9892  90.7282 0013824 188.9003 171.1967 14.84346925  3727
FLOCK 1C-8              
1 40040U 14033AG  14196.19226437  .00006676  00000-0  79866-3 0   663
2 40040  97.9910  90.8695 0014220 184.5856 175.5224 14.84412906  3736
FLOCK 1C-3              
1 40041U 14033AH  14196.19183407  .00008050  00000-0  95995-3 0   707
2 40041  97.9903  90.8695 0013167 182.4488 177.6653 14.84488968  3736
POLYITAN-1              
1 40042U 14033AJ  14196.12730982  .00002680  00000-0  32631-3 0   674
2 40042  97.9888  90.7953 0015303 187.0375 173.0620 14.84207673  3720
TIGRISAT                
1 40043U 14033AK  14196.13009629  .00001388  00000-0  22142-3 0   695
2 40043  97.9764  90.2834 0063245 121.2285 239.5117 14.72182441  3568
LEMUR-1                 
1 40044U 14033AL  14196.13152876  .00001306  00000-0  20942-3 0   684
2 40044  97.9789  90.2866 0061961 121.4048 239.3224 14.72093943  3579
AEROCUBE 6A             
1 40045U 14033AM  14196.21283462  .00002504  00000-0  40104-3 0   650
2 40045  97.9778  90.3408 0062928 117.1045 243.6597 14.71311595  3446
AEROCUBE 6B             
1 40046U 14033AN  14196.07729916  .00002474  00000-0  39664-3 0   637
2 40046  97.9777  90.2090 0062633 117.2031 243.5576 14.71282564  3552
